P1  time:1  area:100
1   10     (0 , 0)    0
3   7     (1 , 0)    0
9   1     (1 , 7)    0
4   7     (4 , 0)    0
2   6     (8 , 0)    1
2   1     (8 , 6)    1
3   2     (1 , 8)    1
2   2     (4 , 8)    0
3   1     (6 , 8)    1
4   1     (6 , 9)    1
1   1     (9 , 8)    0
P2  time:2  area:100
7   2     (0 , 0)    0
2   8     (7 , 0)    0
7   2     (0 , 2)    1
1   2     (9 , 0)    1
1   2     (9 , 2)    0
5   6     (0 , 4)    1
4   2     (5 , 8)    0
1   6     (9 , 4)    1
1   4     (5 , 4)    1
1   4     (6 , 4)    1
P3  time:3  area:100
5   8     (0 , 0)    1
2   9     (5 , 0)    1
5   2     (0 , 8)    1
1   4     (7 , 0)    1
5   1     (5 , 9)    1
1   5     (7 , 4)    0
1   5     (8 , 0)    0
2   4     (8 , 5)    0
1   5     (9 , 0)    0



10 10
29
1  10  1                 
3  7  1
9  1  1
2  2  1
7  2  1
2  7  1
4  7  1
8  5  1
6  5  1
1  3  1
1  4  1
1  1  1
4  1  1
4  2  1
4  1  1
4  1  1
1  2  2
9  2  1
6  2  1
6  1  1
2  8  1
2  5  1
2  3  1
1  5  1
1  5  1
1  5  1
1  5  1
2  4  1
2  1  1

