20 20
69
14  5  1
12  1  1
3  9  1
4  6  1
7  3  1
11  4  1
3  1  1
1  8  1
1  8  1
6  5  1
1  1  1
2  5  1
1  1  1
1  1  1
1  2  1
1  1  1
1  4  1
1  4  1
1  4  1
1  2  1
3  1  2
1  1  2
11  1  2
1  7  1
1  1  2
10  4  1
9  1  1
1  1  2
1  1  2
3  3  2
1  8  2
1  1  2
1  1  2
1  1  2
2  1  2
2  3  2
6  2  1
9  6  1
6  1  2
2  1  2
4  2  1
3  2  1
9  1  1
9  1  1
4  7  1
4  5  1
1  6  1
2  6  1
5  3  2
4  3  2
1  3  2
1  3  2
6  2  1
1  2  2
3  1  2
3  5  2
1  2  2
2  2  1
2  1  2
1  1  2
3  1  2
6  3  1
3  3  1
2  1  2
2  1  2
2  1  2
7  2  1
1  1  2
1  1  2
