instance 2:
10 10
9
4 4 2
3 10 1
3 10 1
2 6 1
2 6 1
3 7 1
3 7 1
3 7 1
3 7 1


5 5
7
3 3 2
2 5 1
2 3 1
1 4 1
1 4 1
1 4 1
1 4 1


6 6
7
4 4 2
2 6 1
2 4 1
1 5 1
1 5 1
1 5 1
1 5 1

instance 1
10 10
7
8 8 2
2 10  1
2 8 1
1 9 1
1 9 1
1 9 1
1 9  1
output:
the big as:10 10
P1  time:1  area:100
R1  8   8     (0 , 0)    0
R2  10   2     (0 , 8)    1
R3  2   8     (8 , 0)    0
end once task
3
P2  time:2  area:100
R4  1   9     (0 , 0)    0
R5  9   1     (0 , 9)    1
R6  9   1     (1 , 0)    1
R7  1   9     (9 , 1)    0
R1  8   8     (1 , 1)    0

instance 5
10 8
21
2  5  1
2  5  1
2  7  1
3  1  1
3  1  1
1  1  1
1  1  1
1  1  1
6  7  1
1  5  1
2  2  1
4  2  1
4  1  2
4  1  2
2  1  2
1  2  2
1  3  2
2  3  2
2  1  2
4  1  2
2  1  2
output:
the big as:10 8
P1  time:1  area:80
R18  2   3     (0 , 0)    0
R13  4   1     (2 , 0)    0
R14  4   1     (6 , 0)    0
R20  4   1     (0 , 3)    0
R15  1   2     (2 , 1)    1
R16  1   2     (3 , 1)    0
R17  3   1     (4 , 1)    1
R19  1   2     (7 , 1)    1
R21  2   1     (8 , 1)    0
R4  3   1     (4 , 2)    0
R1  2   5     (8 , 2)    0
R6  1   1     (9 , 7)    0
R7  1   1     (8 , 7)    0
R3  7   2     (0 , 4)    1
R10  1   5     (7 , 3)    0
R5  3   1     (4 , 3)    0
R2  5   2     (0 , 6)    1
R11  2   2     (5 , 6)    0
end once task
18
P2  time:2  area:80
R9  6   7     (0 , 0)    0
R13  4   1     (0 , 7)    0
R12  4   2     (6 , 0)    0
R14  4   1     (4 , 7)    0
R15  2   1     (8 , 7)    0
R20  4   1     (6 , 2)    0
R18  2   3     (6 , 3)    0
R16  2   1     (6 , 6)    1
R19  2   1     (8 , 3)    0
R17  1   3     (8 , 4)    0
R21  1   2     (9 , 4)    1
R8  1   1     (9 , 6)    0



instance 6 2
12 12 
28
6  4  1
5  3  1
3  12  1
1  9  1
2  3  1
1  1  1
1  1  1
2  3  1
2  1  1
2  2  1
2  2  1
2  2  1
6  12  1
1  2  2
3  9  1
1  3  2
1  2  2
1  5  2
1  2  2
1  3  2
1  6  2
1  6  1
1  3  2
1  3  2
1  1  2
1  2  2
1  3  1
1  4  1

output:
the big as:12 12
P1  time:1  area:144
R21  1   6     (0 , 0)    0
R18  1   5     (1 , 0)    0
R16  1   3     (0 , 6)    0
R20  1   3     (0 , 9)    0
R23  1   3     (2 , 0)    0
R24  1   3     (2 , 3)    0
R25  1   1     (1 , 5)    0
R14  1   2     (1 , 6)    0
R17  1   2     (3 , 0)    0
R19  1   2     (4 , 0)    0
R26  1   2     (5 , 0)    0
R13  6   12     (6 , 0)    0
R1  4   6     (2 , 6)    1
R28  1   4     (1 , 8)    0
R5  3   2     (3 , 2)    1
R8  3   2     (3 , 4)    1
end once task
16
P2  time:2  area:144
R3  3   12     (0 , 0)    0
R15  9   3     (3 , 0)    1
R4  9   1     (3 , 3)    1
R2  3   5     (3 , 4)    1
R22  6   1     (6 , 4)    1
R21  6   1     (6 , 5)    1
R27  1   3     (3 , 9)    0
R16  1   3     (4 , 9)    0
R20  1   3     (5 , 9)    0
R18  5   1     (6 , 6)    1
R23  1   3     (11 , 6)    0
R24  1   3     (11 , 9)    0
R10  2   2     (6 , 7)    0
R11  2   2     (6 , 9)    0
R9  2   1     (6 , 11)    0
R12  2   2     (8 , 7)    0
R14  1   2     (10 , 7)    0
R17  1   2     (8 , 9)    0
R19  2   1     (8 , 11)    1
R6  1   1     (10 , 11)    0
R26  1   2     (9 , 9)    0
R7  1   1     (10 , 9)    0
R25  1   1     (10 , 10)    0


